[0, 0][0, 0] None
[0, 0][0, 1] None
[0, 0][0, 2] (9, 4, 5, 6)
[0, 0][0, 3] None
[0, 0][0, 4] None
[0, 0][1, 0] None
[0, 0][1, 1] None
[0, 0][1, 2] None
[0, 0][1, 3] None
[0, 0][2, 0] None
[0, 0][2, 1] None
[0, 0][2, 2] None
[0, 0][3, 0] None
[0, 1][0, 0] None
[0, 1][0, 1] (9, 3, 4, 6)
[0, 1][0, 2] (4, 7, 1, 6)
[0, 1][0, 3] None
[0, 1][0, 4] None
[0, 1][1, 0] (6, 4, 0, 7)
[0, 1][1, 1] (4, 9, 5, 2)
[0, 1][1, 2] None
[0, 1][1, 3] None
[0, 1][2, 0] None
[0, 1][2, 1] None
[0, 1][2, 2] None
[0, 1][3, 0] None
[0, 2][0, 0] (3, 8, 0, 4)
[0, 2][0, 1] (3, 9, 0, 8)
[0, 2][0, 2] (9, 2, 3, 6)
[0, 2][0, 3] None
[0, 2][0, 4] None
[0, 2][1, 0] (2, 3, 7, 8)
[0, 2][1, 1] (4, 0, 7, 2)
[0, 2][1, 2] None
[0, 2][1, 3] None
[0, 2][2, 0] None
[0, 2][2, 1] None
[0, 2][2, 2] None
[0, 2][3, 0] None
[0, 3][0, 0] (3, 0, 1, 8)
[0, 3][0, 1] (1, 4, 9, 2)
[0, 3][0, 2] None
[0, 3][0, 3] None
[0, 3][0, 4] None
[0, 3][1, 0] None
[0, 3][1, 1] None
[0, 3][1, 2] None
[0, 3][1, 3] None
[0, 3][2, 0] None
[0, 3][2, 1] None
[0, 3][2, 2] None
[0, 3][3, 0] None
[0, 4][0, 0] None
[0, 4][0, 1] None
[0, 4][0, 2] None
[0, 4][0, 3] None
[0, 4][0, 4] None
[0, 4][1, 0] None
[0, 4][1, 1] None
[0, 4][1, 2] None
[0, 4][1, 3] None
[0, 4][2, 0] None
[0, 4][2, 1] None
[0, 4][2, 2] None
[0, 4][3, 0] None
[1, 0][0, 0] None
[1, 0][0, 1] (0, 7, 4, 5)
[1, 0][0, 2] (6, 4, 2, 5)
[1, 0][0, 3] None
[1, 0][0, 4] None
[1, 0][1, 0] None
[1, 0][1, 1] (7, 1, 4, 8)
[1, 0][1, 2] None
[1, 0][1, 3] None
[1, 0][2, 0] None
[1, 0][2, 1] None
[1, 0][2, 2] None
[1, 0][3, 0] None
[1, 1][0, 0] None
[1, 1][0, 1] (9, 1, 7, 3)
[1, 1][0, 2] (3, 1, 5, 4)
[1, 1][0, 3] None
[1, 1][0, 4] None
[1, 1][1, 0] (5, 1, 7, 3)
[1, 1][1, 1] (7, 8, 2, 1)
[1, 1][1, 2] None
[1, 1][1, 3] None
[1, 1][2, 0] None
[1, 1][2, 1] None
[1, 1][2, 2] None
[1, 1][3, 0] None
[1, 2][0, 0] None
[1, 2][0, 1] (7, 1, 3, 9)
[1, 2][0, 2] None
[1, 2][0, 3] None
[1, 2][0, 4] None
[1, 2][1, 0] None
[1, 2][1, 1] None
[1, 2][1, 2] None
[1, 2][1, 3] None
[1, 2][2, 0] None
[1, 2][2, 1] None
[1, 2][2, 2] None
[1, 2][3, 0] None
[1, 3][0, 0] None
[1, 3][0, 1] None
[1, 3][0, 2] None
[1, 3][0, 3] None
[1, 3][0, 4] None
[1, 3][1, 0] None
[1, 3][1, 1] None
[1, 3][1, 2] None
[1, 3][1, 3] None
[1, 3][2, 0] None
[1, 3][2, 1] None
[1, 3][2, 2] None
[1, 3][3, 0] None
[2, 0][0, 0] None
[2, 0][0, 1] None
[2, 0][0, 2] None
[2, 0][0, 3] None
[2, 0][0, 4] None
[2, 0][1, 0] None
[2, 0][1, 1] None
[2, 0][1, 2] None
[2, 0][1, 3] None
[2, 0][2, 0] None
[2, 0][2, 1] None
[2, 0][2, 2] None
[2, 0][3, 0] None
[2, 1][0, 0] None
[2, 1][0, 1] None
[2, 1][0, 2] None
[2, 1][0, 3] None
[2, 1][0, 4] None
[2, 1][1, 0] None
[2, 1][1, 1] None
[2, 1][1, 2] None
[2, 1][1, 3] None
[2, 1][2, 0] None
[2, 1][2, 1] None
[2, 1][2, 2] None
[2, 1][3, 0] None
[2, 2][0, 0] None
[2, 2][0, 1] None
[2, 2][0, 2] None
[2, 2][0, 3] None
[2, 2][0, 4] None
[2, 2][1, 0] None
[2, 2][1, 1] None
[2, 2][1, 2] None
[2, 2][1, 3] None
[2, 2][2, 0] None
[2, 2][2, 1] None
[2, 2][2, 2] None
[2, 2][3, 0] None
[3, 0][0, 0] None
[3, 0][0, 1] None
[3, 0][0, 2] None
[3, 0][0, 3] None
[3, 0][0, 4] None
[3, 0][1, 0] None
[3, 0][1, 1] None
[3, 0][1, 2] None
[3, 0][1, 3] None
[3, 0][2, 0] None
[3, 0][2, 1] None
[3, 0][2, 2] None
[3, 0][3, 0] None
